100
2 29 2
1 50 1
2 66 2
2 59 4
2 68 1
1 21 4
1 93 2
1 29 3
1 51 1
2 84 1
2 51 4
2 86 4
2 66 1
2 40 4
2 74 5
2 91 5
2 65 4
1 44 4
1 11 3
1 64 4
2 29 1
1 84 2
2 66 4
2 46 3
1 35 5
2 72 5
1 55 2
1 15 4
1 94 4
2 75 2
1 29 5
2 63 1
1 16 2
1 93 5
2 82 2
2 43 2
2 37 2
1 26 4
1 38 4
2 58 1
1 87 4
1 13 5
1 60 3
2 62 5
1 80 1
2 52 5
2 96 3
2 63 5
1 98 3
2 85 1
1 21 1
2 85 1
2 75 5
2 100 3
1 80 5
2 68 1
2 16 5
2 42 3
1 100 2
1 99 5
2 42 2
1 36 1
2 69 5
1 75 4
2 19 3
1 55 2
1 11 2
2 55 3
2 95 3
1 56 1
1 98 4
2 50 3
2 19 4
1 58 2
2 22 2
2 77 2
2 31 1
2 87 1
2 57 5
1 17 2
1 76 4
2 13 1
2 32 3
1 79 1
2 36 3
1 54 3
1 79 3
1 99 2
1 84 5
1 29 1
2 12 5
1 92 5
2 38 4
1 77 5
2 52 5
2 16 4
1 41 4
1 56 5
2 94 4
1 77 4